mail,password
testautomyaccountdeux@alsolia.com,24Yq7z8d*Sw?)T
